momentsMEI =

   1.0e-03 *

    0.4081    0.0034   -0.0638   -0.0053    0.4796    0.0054   -0.0004


momentsMHI =

    0.0080    0.0002   -0.0023   -0.0007    0.0084    0.0005   -0.0006